Tkin=0.14888+-0.0037129
rho0=1.0498+-0.0125502
amv0=2.2359
amv1=0.814655
